2020-08-07 17:42:36,480 semantic_segmentation INFO: Using 1 GPUs
2020-08-07 17:42:36,481 semantic_segmentation INFO: Namespace(aux=False, aux_weight=0.4, backbone='vgg16', base_size=520, batch_size=4, crop_size=480, dataset='ade20k', device='cuda', distributed=False, epochs=200, jpu=False, local_rank=0, log_dir='../runs/logs/', log_iter=10, lr=0.0001, model='fcn8s', momentum=0.9, no_cuda=False, num_gpus=1, resume=None, save_dir='~/.torch/models', save_epoch=10, skip_val=False, start_epoch=0, use_ohem=False, val_epoch=1, warmup_factor=0.3333333333333333, warmup_iters=0, warmup_method='linear', weight_decay=0.0001, workers=0)
Found 20210 images in the folder /home/Leeyegy/.torch/datasets/ade/ADEChallengeData2016
Found 2000 images in the folder /home/Leeyegy/.torch/datasets/ade/ADEChallengeData2016
2020-08-07 17:43:08,416 semantic_segmentation INFO: Start training, Total Epochs: 200 = Total Iterations 1010400
torch.Size([3, 480, 480])
torch.Size([480, 480])
tensor([[ 5,  5,  5,  ..., 82, 82, 82],
        [ 5,  5,  5,  ..., 82, 82, 82],
        [ 5,  5,  5,  ..., 82, 82, 82],
        ...,
        [ 3,  3,  3,  ...,  3,  3,  3],
        [-1, -1, -1,  ..., -1, -1, -1],
        [-1, -1, -1,  ..., -1, -1, -1]])
torch.Size([3, 480, 480])
torch.Size([480, 480])
tensor([[ 0,  0,  0,  ..., 36, 36, 36],
        [ 0,  0,  0,  ..., 36, 36, 36],
        [ 0,  0,  0,  ..., 36, 36, 36],
        ...,
        [ 7,  7,  7,  ..., 28, 28, 28],
        [ 7,  7,  7,  ..., 28, 28, 28],
        [ 7,  7,  7,  ..., 28, 28, 28]])
torch.Size([3, 480, 480])
torch.Size([480, 480])
tensor([[ 0,  0,  0,  ...,  0,  0,  0],
        [ 0,  0,  0,  ...,  0,  0,  0],
        [ 0,  0,  0,  ...,  0,  0,  0],
        ...,
        [15, 15, 15,  ...,  7,  7,  7],
        [15, 15, 15,  ...,  7,  7,  7],
        [15, 15, 15,  ...,  7,  7,  7]])
torch.Size([3, 480, 480])
torch.Size([480, 480])
tensor([[1, 1, 1,  ..., 1, 1, 1],
        [1, 1, 1,  ..., 1, 1, 1],
        [1, 1, 1,  ..., 1, 1, 1],
        ...,
        [1, 1, 1,  ..., 6, 6, 6],
        [1, 1, 1,  ..., 6, 6, 6],
        [1, 1, 1,  ..., 6, 6, 6]])
torch.Size([3, 480, 480])
torch.Size([480, 480])
tensor([[ 2,  2,  2,  ..., -1, -1, -1],
        [ 2,  2,  2,  ...,  1,  1,  1],
        [ 2,  2,  2,  ...,  1,  1,  1],
        ...,
        [-1, -1, -1,  ..., -1, -1, -1],
        [-1, -1, -1,  ..., -1, -1, -1],
        [-1, -1, -1,  ..., -1, -1, -1]])
torch.Size([3, 480, 480])
torch.Size([480, 480])
tensor([[-1, -1, -1,  ..., 27, 27, 27],
        [18, 18, 18,  ..., 27, 27, 27],
        [18, 18, 18,  ..., 27, 27, 27],
        ...,
        [-1, -1, -1,  ..., -1, -1, -1],
        [-1, -1, -1,  ..., -1, -1, -1],
        [-1, -1, -1,  ..., -1, -1, -1]])
torch.Size([3, 480, 480])
torch.Size([480, 480])
tensor([[2, 2, 2,  ..., 1, 1, 1],
        [2, 2, 2,  ..., 1, 1, 1],
        [2, 2, 2,  ..., 1, 1, 1],
        ...,
        [9, 9, 9,  ..., 9, 9, 9],
        [9, 9, 9,  ..., 9, 9, 9],
        [9, 9, 9,  ..., 9, 9, 9]])
torch.Size([3, 480, 480])
torch.Size([480, 480])
tensor([[-1, -1, -1,  ...,  0,  0,  0],
        [-1, -1, -1,  ...,  0,  0,  0],
        [-1, -1, -1,  ...,  0,  0,  0],
        ...,
        [-1, -1, -1,  ...,  0,  0,  0],
        [-1, -1, -1,  ...,  0,  0,  0],
        [-1, -1, -1,  ...,  0,  0,  0]])
torch.Size([3, 480, 480])
torch.Size([480, 480])
tensor([[ 1,  1,  1,  ...,  2,  2,  2],
        [ 1,  1,  1,  ...,  2,  2,  2],
        [ 1,  1,  1,  ...,  2,  2,  2],
        ...,
        [32, 32, 32,  ...,  0,  0,  0],
        [32, 32, 32,  ...,  0,  0,  0],
        [32, 32, 32,  ...,  0,  0,  0]])
torch.Size([3, 480, 480])
torch.Size([480, 480])
tensor([[-1, -1, -1,  ..., -1, -1, -1],
        [-1,  2,  2,  ..., -1, -1, -1],
        [-1,  2,  2,  ..., -1, -1, -1],
        ...,
        [-1, -1, -1,  ..., -1, -1, -1],
        [-1, -1, -1,  ..., -1, -1, -1],
        [-1, -1, -1,  ..., -1, -1, -1]])
torch.Size([3, 480, 480])
torch.Size([480, 480])
tensor([[24, 24, 24,  ...,  0,  0,  0],
        [24, 24, 24,  ...,  0,  0,  0],
        [24, 24, 24,  ...,  0,  0,  0],
        ...,
        [30, 30, 30,  ..., -1, -1, -1],
        [30, 30, 30,  ..., -1, -1, -1],
        [30, 30, 30,  ..., -1, -1, -1]])
torch.Size([3, 480, 480])
torch.Size([480, 480])
tensor([[ 2,  2,  2,  ...,  2,  2,  2],
        [ 2,  2,  2,  ...,  2,  2,  2],
        [ 2,  2,  2,  ...,  2,  2,  2],
        ...,
        [-1, -1, -1,  ...,  6,  6,  6],
        [ 6,  6,  6,  ...,  6,  6,  6],
        [ 6,  6,  6,  ...,  6,  6,  6]])
torch.Size([3, 480, 480])
torch.Size([480, 480])
tensor([[ 5,  5,  5,  ...,  5,  5,  5],
        [ 5,  5,  5,  ...,  5,  5,  5],
        [ 5,  5,  5,  ...,  5,  5,  5],
        ...,
        [ 3,  3,  3,  ..., 15, 15, 15],
        [ 3,  3,  3,  ..., 15, 15, 15],
        [ 3,  3,  3,  ..., 15, 15, 15]])
torch.Size([3, 480, 480])
torch.Size([480, 480])
tensor([[1, 1, 1,  ..., 2, 2, 2],
        [1, 1, 1,  ..., 2, 2, 2],
        [1, 1, 1,  ..., 2, 2, 2],
        ...,
        [1, 1, 1,  ..., 1, 1, 1],
        [1, 1, 1,  ..., 1, 1, 1],
        [1, 1, 1,  ..., 1, 1, 1]])
torch.Size([3, 480, 480])
torch.Size([480, 480])
tensor([[1, 1, 1,  ..., 1, 1, 1],
        [1, 1, 1,  ..., 1, 1, 1],
        [1, 1, 1,  ..., 1, 1, 1],
        ...,
        [1, 1, 1,  ..., 1, 1, 1],
        [1, 1, 1,  ..., 1, 1, 1],
        [1, 1, 1,  ..., 1, 1, 1]])
torch.Size([3, 480, 480])
torch.Size([480, 480])
tensor([[0, 0, 0,  ..., 0, 0, 0],
        [0, 0, 0,  ..., 0, 0, 0],
        [0, 0, 0,  ..., 0, 0, 0],
        ...,
        [0, 0, 0,  ..., 7, 7, 7],
        [0, 0, 0,  ..., 7, 7, 7],
        [0, 0, 0,  ..., 7, 7, 7]])
torch.Size([3, 480, 480])
torch.Size([480, 480])
tensor([[ 4,  4,  4,  ..., -1, -1, -1],
        [ 4,  4,  4,  ...,  4,  4,  4],
        [ 4,  4,  4,  ...,  4,  4,  4],
        ...,
        [-1, -1, -1,  ..., -1, -1, -1],
        [-1, -1, -1,  ..., -1, -1, -1],
        [-1, -1, -1,  ..., -1, -1, -1]])
torch.Size([3, 480, 480])
torch.Size([480, 480])
tensor([[ 1,  1,  1,  ...,  1,  1,  1],
        [ 1,  1,  1,  ...,  1,  1,  1],
        [ 1,  1,  1,  ...,  1,  1,  1],
        ...,
        [ 1,  1,  1,  ..., 11, 11, 11],
        [ 1,  1,  1,  ..., 11, 11, 11],
        [ 1,  1,  1,  ..., 11, 11, 11]])
torch.Size([3, 480, 480])
torch.Size([480, 480])
tensor([[18, 18, 18,  ...,  0,  0,  0],
        [18, 18, 18,  ...,  0,  0,  0],
        [18, 18, 18,  ...,  0,  0,  0],
        ...,
        [28, 28, 28,  ..., 10, 10, 10],
        [28, 28, 28,  ..., 10, 10, 10],
        [28, 28, 28,  ..., 10, 10, 10]])
torch.Size([3, 480, 480])
torch.Size([480, 480])
tensor([[0, 0, 0,  ..., 5, 5, 5],
        [0, 0, 0,  ..., 5, 5, 5],
        [0, 0, 0,  ..., 5, 5, 5],
        ...,
        [7, 7, 7,  ..., 3, 3, 3],
        [7, 7, 7,  ..., 3, 3, 3],
        [7, 7, 7,  ..., 3, 3, 3]])
torch.Size([3, 480, 480])
torch.Size([480, 480])
tensor([[50, 50, 50,  ...,  0,  0,  0],
        [50, 50, 50,  ...,  0,  0,  0],
        [50, 50, 50,  ...,  0,  0,  0],
        ...,
        [ 3,  3,  3,  ...,  3,  3,  3],
        [ 3,  3,  3,  ...,  3,  3,  3],
        [ 3,  3,  3,  ...,  3,  3,  3]])
torch.Size([3, 480, 480])
torch.Size([480, 480])
tensor([[ 5,  5,  5,  ...,  5,  5,  5],
        [ 5,  5,  5,  ...,  5,  5,  5],
        [ 5,  5,  5,  ...,  5,  5,  5],
        ...,
        [42, 42, 42,  ...,  0,  0,  0],
        [42, 42, 42,  ...,  0,  0,  0],
        [42, 42, 42,  ...,  0,  0,  0]])
torch.Size([3, 480, 480])
torch.Size([480, 480])
tensor([[-1, -1,  2,  ..., -1, -1, -1],
        [-1, -1,  2,  ..., -1, -1, -1],
        [-1, -1,  2,  ..., -1, -1, -1],
        ...,
        [-1, -1, -1,  ..., -1, -1, -1],
        [-1, -1, -1,  ..., -1, -1, -1],
        [-1, -1, -1,  ..., -1, -1, -1]])
torch.Size([3, 480, 480])
torch.Size([480, 480])
tensor([[ 0,  0,  0,  ..., 14, 14, 14],
        [ 0,  0,  0,  ..., 14, 14, 14],
        [ 0,  0,  0,  ..., 14, 14, 14],
        ...,
        [24, 24, 24,  ..., 19, 19, 19],
        [24, 24, 24,  ..., 19, 19, 19],
        [24, 24, 24,  ...,  3,  3,  3]])
torch.Size([3, 480, 480])
torch.Size([480, 480])
tensor([[-1, -1, -1,  ..., -1, -1, -1],
        [-1, -1, -1,  ..., -1, -1, -1],
        [-1, -1, -1,  ..., -1, -1, -1],
        ...,
        [-1, -1, -1,  ..., -1, -1, -1],
        [-1, -1, -1,  ..., -1, -1, -1],
        [-1, -1, -1,  ..., -1, -1, -1]])
torch.Size([3, 480, 480])
torch.Size([480, 480])
tensor([[-1, -1, -1,  ..., -1, -1, -1],
        [-1, -1, -1,  ..., -1, -1, -1],
        [-1, -1, -1,  ..., -1, -1, -1],
        ...,
        [-1, -1, -1,  ..., -1, -1, -1],
        [-1, -1, -1,  ..., -1, -1, -1],
        [-1, -1, -1,  ..., -1, -1, -1]])
torch.Size([3, 480, 480])
torch.Size([480, 480])
tensor([[ 0,  0,  0,  ...,  0,  0,  0],
        [ 0,  0,  0,  ...,  0,  0,  0],
        [ 0,  0,  0,  ...,  0,  0,  0],
        ...,
        [70, 70, 70,  ...,  0,  0,  0],
        [-1, -1, -1,  ...,  0,  0,  0],
        [-1, -1, -1,  ..., -1, -1, -1]])
torch.Size([3, 480, 480])
torch.Size([480, 480])
tensor([[ 2,  2,  2,  ...,  2,  2,  2],
        [ 2,  2,  2,  ...,  2,  2,  2],
        [ 2,  2,  2,  ...,  2,  2,  2],
        ...,
        [46, 46, 46,  ..., 46, 46, 46],
        [46, 46, 46,  ..., 46, 46, 46],
        [46, 46, 46,  ..., 46, 46, 46]])
torch.Size([3, 480, 480])
torch.Size([480, 480])
tensor([[ 0,  0,  0,  ..., 89, 89, 89],
        [ 0,  0,  0,  ..., 89, 89, 89],
        [ 0,  0,  0,  ..., 89, 89, 89],
        ...,
        [15, 15, 15,  ..., 75, 75, 75],
        [15, 15, 15,  ..., 75, 75, 75],
        [15, 15, 15,  ..., 75, 75, 75]])
torch.Size([3, 480, 480])
torch.Size([480, 480])
tensor([[2, 2, 2,  ..., 2, 2, 2],
        [2, 2, 2,  ..., 2, 2, 2],
        [2, 2, 2,  ..., 2, 2, 2],
        ...,
        [4, 4, 4,  ..., 4, 4, 4],
        [4, 4, 4,  ..., 4, 4, 4],
        [4, 4, 4,  ..., 4, 4, 4]])
torch.Size([3, 480, 480])
torch.Size([480, 480])
tensor([[ 0,  0,  0,  ..., 22, 22, 22],
        [ 0,  0,  0,  ..., 22, 22, 22],
        [ 0,  0,  0,  ..., 22, 22, 22],
        ...,
        [24, 24, 24,  ...,  0,  0,  0],
        [24, 24, 24,  ...,  0,  0,  0],
        [24, 24, 24,  ...,  0,  0,  0]])
torch.Size([3, 480, 480])
torch.Size([480, 480])
tensor([[-1, -1, -1,  ..., -1, -1, -1],
        [ 2,  2,  2,  ...,  2,  2,  2],
        [ 2,  2,  2,  ...,  2,  2,  2],
        ...,
        [-1, -1, -1,  ..., -1, -1, -1],
        [-1, -1, -1,  ..., -1, -1, -1],
        [-1, -1, -1,  ..., -1, -1, -1]])
torch.Size([3, 480, 480])
torch.Size([480, 480])
tensor([[ 1,  1,  1,  ..., -1, -1, -1],
        [ 1,  1,  1,  ..., -1, -1, -1],
        [ 1,  1,  1,  ..., -1, -1, -1],
        ...,
        [-1, -1, -1,  ..., -1, -1, -1],
        [-1, -1, -1,  ..., -1, -1, -1],
        [-1, -1, -1,  ..., -1, -1, -1]])
torch.Size([3, 480, 480])
torch.Size([480, 480])
tensor([[1, 1, 1,  ..., 1, 1, 1],
        [1, 1, 1,  ..., 1, 1, 1],
        [1, 1, 1,  ..., 1, 1, 1],
        ...,
        [6, 6, 6,  ..., 6, 6, 6],
        [6, 6, 6,  ..., 6, 6, 6],
        [6, 6, 6,  ..., 6, 6, 6]])
torch.Size([3, 480, 480])
torch.Size([480, 480])
tensor([[ 0,  0,  0,  ...,  0,  0,  0],
        [ 0,  0,  0,  ...,  0,  0,  0],
        [ 0,  0,  0,  ...,  0,  0,  0],
        ...,
        [ 3,  3,  3,  ..., 10, 10, 10],
        [ 3,  3,  3,  ..., 10, 10, 10],
        [ 3,  3,  3,  ..., 10, 10, 10]])
torch.Size([3, 480, 480])
torch.Size([480, 480])
tensor([[  5,   5,   5,  ...,   5,   5,   5],
        [  5,   5,   5,  ...,   5,   5,   5],
        [  5,   5,   5,  ...,   5,   5,   5],
        ...,
        [112,  -1,  -1,  ...,   3,   3,   3],
        [112,  -1,  -1,  ...,   3,   3,   3],
        [112,  -1,  -1,  ...,   3,   3,   3]])
torch.Size([3, 480, 480])
torch.Size([480, 480])
tensor([[14, 14, 14,  ..., 18, 18,  0],
        [14, 14, 14,  ..., 18, 18,  0],
        [14, 14, 14,  ..., 18, 18,  0],
        ...,
        [14, 14, 14,  ..., 18, 18, -1],
        [14, 14, 14,  ..., 18, 18, -1],
        [14, 14, 14,  ..., 18, 18, -1]])
torch.Size([3, 480, 480])
torch.Size([480, 480])
tensor([[-1, -1,  2,  ...,  4,  4,  4],
        [-1, -1,  2,  ...,  4,  4,  4],
        [-1, -1,  2,  ...,  4,  4,  4],
        ...,
        [11, 11, 11,  ...,  9,  9,  9],
        [11, 11, 11,  ...,  9,  9,  9],
        [11, 11, 11,  ...,  9,  9,  9]])
torch.Size([3, 480, 480])
torch.Size([480, 480])
tensor([[ 0,  0,  0,  ...,  5,  5,  5],
        [ 0,  0,  0,  ...,  5,  5,  5],
        [ 0,  0,  0,  ...,  5,  5,  5],
        ...,
        [ 3,  3,  3,  ..., 40, 40, 40],
        [ 3,  3,  3,  ..., 40, 40, 40],
        [ 3,  3,  3,  ..., 40, 40, 40]])
torch.Size([3, 480, 480])
torch.Size([480, 480])
tensor([[4, 4, 4,  ..., 2, 2, 2],
        [4, 4, 4,  ..., 2, 2, 2],
        [4, 4, 4,  ..., 2, 2, 2],
        ...,
        [4, 4, 4,  ..., 4, 4, 4],
        [4, 4, 4,  ..., 4, 4, 4],
        [4, 4, 4,  ..., 4, 4, 4]])
2020-08-07 17:43:28,350 semantic_segmentation INFO: Iters: 10/1010400 || Lr: 0.000100 || Loss: 5.3143 || Cost Time: 0:00:19 || Estimated Time: 22 days, 23:44:25
